305x305x13 305x305x12.7 113 1.110 14400 202000000 1330 118
305x305x11 305x305x11.1 100 0.982 12800 181000000 1190 119
305x305x9.5 305x305x9.53 86.5 0.848 11000 158000000 1040 120
305x305x8.0 305x305x7.95 72.8 0.714 9280 135000000 886 121
305x305x6.4 305x305x6.35 58.7 0.576 7480 110000000 723 121
254x254x13 254x254x12.7 93.0 0.912 11800 113000000 888 97.6
254x254x11 254x254x11.1 82.4 0.808 10500 102000000 799 98.4
254x254x9.5 254x254x9.53 71.3 0.699 9090 89300000 703 99.1
254x254x8.0 254x254x7.95 60.1 0.590 7660 76500000 602 99.9
254x254x6.4 254x254x6.35 48.6 0.475 6190 62700000 494 101
203x203x13 203x203x12.7 72.7 0.713 9260 54700000 538 76.8
203x203x11 203x203x11.1 64.6 0.634 8230 49600000 488 77.6
203x203x9.5 203x203x9.53 56.1 0.550 7150 43900000 432 78.4
203x203x8.0 203x203x7.95 47.5 0.465 6050 37900000 373 79.2
203x203x6.4 203x203x6.35 38.4 0.377 4900 31300000 308 79.9
178x178x13 178x178x12.7 62.6 0.614 7970 35200000 396 66.4
178x178x11 178x178x11.1 55.7 0.547 7100 32100000 361 67.2
178x178x9.5 178x178x9.53 48.5 0.476 6180 28600000 322 68.0
178x178x8.0 178x178x7.95 41.1 0.403 5240 24800000 279 68.8
178x178x6.4 178x178x6.35 33.4 0.327 4250 20600000 231 69.6
178x178x4.8 178x178x4.78 25.5 0.250 3250 16100000 181 70.3
152x152x13 152x152x12.7 52.4 0.514 6680 21000000 275 56.0
152x152x11 152x152x11.1 46.9 0.460 5970 19300000 253 56.8
152x152x9.5 152x152x9.53 40.9 0.401 5210 17300000 227 57.6
152x152x8.0 152x152x7.95 34.8 0.341 4430 15100000 198 58.4
152x152x6.4 152x152x6.35 28.3 0.278 3610 12600000 166 59.2
152x152x4.8 152x152x4.78 21.7 0.213 2760 9930000 130 59.9
127x127x11 127x127x11.1 38.0 0.373 4840 10400000 164 46.4
127x127x9.5 127x127x9.53 33.3 0.327 4240 9470000 149 47.2
127x127x8.0 127x127x7.95 28.4 0.279 3620 8350000 132 48.0
127x127x6.4 127x127x6.35 23.2 0.228 2960 7050000 111 48.8
127x127x4.8 127x127x4.78 17.9 0.175 2280 5600000 88.1 49.6
102x102x9.5 102x102x9.53 25.7 0.252 3280 4440000 87.4 36.8
102x102x8.0 102x102x7.95 22.1 0.217 2820 3980000 78.4 37.6
102x102x6.4 102x102x6.35 18.2 0.178 2320 3420000 67.3 38.4
102x102x4.8 102x102x4.78 14.1 0.138 1790 2750000 54.2 39.2
89x89x9.5 88.9x88.9x9.53 21.9 0.215 2790 2790000 62.7 31.6
89x89x8.0 88.9x88.9x7.95 18.9 0.186 2410 2530000 57.0 32.4
89x89x6.4 88.9x88.9x6.35 15.6 0.153 1990 2200000 49.5 33.2
89x89x4.8 88.9x88.9x4.78 12.2 0.119 1550 1790000 40.3 34.0
76x76x8.0 76.2x76.2x7.95 15.8 0.155 2010 1490000 39.0 27.2
76x76x6.4 76.2x76.2x6.35 13.1 0.129 1670 1310000 34.4 28.0
76x76x4.8 76.2x76.2x4.78 10.3 0.101 1310 1080000 28.5 28.8
64x64x6.4 63.5x63.5x6.35 10.6 0.104 1350 701000 22.1 22.8
64x64x4.8 63.5x63.5x4.78 8.35 0.082 1060 593000 18.7 23.6
64x64x3.8 63.5x63.5x3.81 6.85 0.067 872 506000 15.9 24.1
64x64x3.2 63.5x63.5x3.18 5.82 0.057 741 441000 13.9 24.4
51x51x6.4 50.8x50.8x6.35 8.05 0.079 1030 317000 12.5 17.6
51x51x4.8 50.8x50.8x4.78 6.45 0.063 821 278000 10.9 18.4
51x51x3.8 50.8x50.8x3.81 5.33 0.052 679 242000 9.54 18.9
51x51x3.2 50.8x50.8x3.18 4.55 0.045 580 214000 8.42 19.2
51x51x2.8 50.8x50.8x2.79 4.05 0.040 516 194000 7.64 19.4
38x38x4.8 38.1x38.1x4.78 4.54 0.044 578 100000 5.27 13.2
38x38x3.8 38.1x38.1x3.81 3.81 0.037 485 91000 4.77 13.7
38x38x3.2 38.1x38.1x3.18 3.28 0.032 418 82000 4.31 14.0
38x38x2.5 38.1x38.1x2.54 2.71 0.026 345 71000 3.71 14.3
32x32x3.8 31.8x31.8x3.81 3.06 0.030 389 48000 3.01 11.1
32x32x3.2 31.8x31.8x3.18 2.65 0.026 338 44000 2.77 11.4
32x32x2.5 31.8x31.8x2.54 2.20 0.022 281 39000 2.44 11.7
25x25x3.2 25.4x25.4x3.18 2.01 0.020 257 20000 1.56 8.79
25x25x2.5 25.4x25.4x2.54 1.69 0.017 216 17000 1.41 9.12
